name: OTSR
channels:
  - pytorch
  - conda-forge
  - defaults
dependencies:
  - blas=2.119=mkl
  - blas-devel=3.9.0=19_win64_mkl
  - ca-certificates=2023.7.22=h56e8100_0
  - cudatoolkit=10.2.89=he40447d_12
  - freetype=2.12.1=hdaf720e_2
  - intel-openmp=2023.2.0=h57928b3_50496
  - jpeg=8d=h8ffe710_1
  - lerc=4.0.0=h63175ca_0
  - libblas=3.9.0=19_win64_mkl
  - libcblas=3.9.0=19_win64_mkl
  - libdeflate=1.19=hcfcfb64_0
  - libhwloc=2.9.3=default_haede6df_1009
  - libiconv=1.17=h8ffe710_0
  - liblapack=3.9.0=19_win64_mkl
  - liblapacke=3.9.0=19_win64_mkl
  - libpng=1.6.39=h19919ed_0
  - libsqlite=3.43.2=hcfcfb64_0
  - libtiff=4.5.0=h8a3f274_0
  - libuv=1.44.2=hcfcfb64_1
  - libwebp=1.3.2=hcfcfb64_1
  - libwebp-base=1.3.2=hcfcfb64_0
  - libxml2=2.11.5=hc3477c8_1
  - libzlib=1.2.13=hcfcfb64_5
  - m2w64-gcc-libgfortran=5.3.0=6
  - m2w64-gcc-libs=5.3.0=7
  - m2w64-gcc-libs-core=5.3.0=7
  - m2w64-gmp=6.1.0=2
  - m2w64-libwinpthread-git=5.0.0.4634.697f757=2
  - mkl=2023.2.0=h6a75c08_50496
  - mkl-devel=2023.2.0=h57928b3_50496
  - mkl-include=2023.2.0=h6a75c08_50496
  - msys2-conda-epoch=20160418=1
  - ninja=1.11.1=h91493d7_0
  - numpy=1.24.4=py38h1d91fd2_0
  - openssl=1.1.1w=hcfcfb64_0
  - pip=23.3=pyhd8ed1ab_0
  - pthreads-win32=2.9.1=hfa6e2cd_3
  - python=3.8.0=hc9e8b01_5
  - python_abi=3.8=2_cp38
  - pytorch=1.8.0=py3.8_cuda10.2_cudnn7_0
  - setuptools=68.2.2=pyhd8ed1ab_0
  - sqlite=3.43.2=hcfcfb64_0
  - tbb=2021.10.0=h91493d7_2
  - tk=8.6.13=hcfcfb64_0
  - torchaudio=0.8.0=py38
  - torchvision=0.9.0=py38_cu102
  - typing_extensions=4.8.0=pyha770c72_0
  - ucrt=10.0.22621.0=h57928b3_0
  - vc=14.3=h64f974e_17
  - vc14_runtime=14.36.32532=hdcecf7f_17
  - vs2015_runtime=14.36.32532=h05e6639_17
  - wheel=0.41.2=pyhd8ed1ab_0
  - xz=5.2.6=h8d14728_0
  - zlib=1.2.13=hcfcfb64_5
  - zstd=1.5.5=h12be248_0
  - pip:
      - blinker==1.6.3
      - certifi==2023.7.22
      - charset-normalizer==3.3.0
      - click==8.1.7
      - colorama==0.4.6
      - contourpy==1.1.1
      - cycler==0.12.1
      - dataclasses==0.6
      - einops==0.7.0
      - filelock==3.12.4
      - flask==3.0.0
      - fonttools==4.43.1
      - fsspec==2023.9.2
      - h5py==3.10.0
      - huggingface-hub==0.18.0
      - idna==3.4
      - imageio==2.31.5
      - importlib-metadata==6.8.0
      - importlib-resources==6.1.0
      - itsdangerous==2.1.2
      - jinja2==3.1.2
      - joblib==1.3.2
      - kiwisolver==1.4.5
      - lazy-loader==0.3
      - linformer==0.2.1
      - markupsafe==2.1.3
      - matplotlib==3.7.3
      - natsort==8.4.0
      - networkx==3.1
      - opencv-python==4.8.1.78
      - packaging==23.2
      - pandas==2.0.3
      - pillow==10.1.0
      - psutil==5.9.6
      - ptflops==0.7.1.1
      - py-cpuinfo==9.0.0
      - pyparsing==3.1.1
      - python-dateutil==2.8.2
      - pytz==2023.3.post1
      - pywavelets==1.4.1
      - pyyaml==6.0.1
      - requests==2.31.0
      - safetensors==0.4.0
      - scikit-image==0.21.0
      - scikit-learn==1.3.1
      - scipy==1.10.1
      - seaborn==0.13.0
      - six==1.16.0
      - thop==0.1.1-2209072238
      - threadpoolctl==3.2.0
      - tifffile==2023.7.10
      - timm==0.9.7
      - tqdm==4.66.1
      - tzdata==2023.3
      - ultralytics==8.0.200
      - urllib3==2.0.7
      - werkzeug==3.0.1
      - yacs==0.1.8
      - zipp==3.17.0
prefix: C:\Users\@@@@\anaconda3\envs\OTSR
